3508690472236259313090799641053447602287820370270159945276072069826184300179808302611412481569240376
9835448895183940926320837136155265195825778045977199015214600628083716310199190103127220642266698086
4766428758677229288642853507891752227003835632199687916734317880301642265895646809700938855681765278
7698822404261817740910685638880820590725927769161060455748813526420132368755956020250811251727905060
7549713466747648754771674533965309315269489528853528100931438110529616156975741402426068422775825217
2042552455162373265673306083511304904919844498964215350826047557326100482971809081587651751713636665
8570547623841307527383382090049413749298554605973169327920675898450990069379800105802153589497426649
0076485416583435008408096631593225649191160114150119683855635573413693362064959788161837883725377043
9066929295620867514355653008252709079150652328010564584417230961637740251836370636608662806633064845
5448496161457767759364950359835056702679846183443884895735465588737352831766489160769163310723392617
8385484627374978085514299647897730103904129439118629327344585653455824376159016970015164026662798232
4824050429562767980337185538975079467059337146677977646890967094178237988541555258348658911326696911
9191544574557144311276056708223324666758257962137031400171452402036126556834749662424013576168050818
6369575846227814176094153526045786503538877978518674762889168782513878907855954699531320454820811453
2157497465264537409083537035967324646765330179466203386741562096649491502582391744378579811312377322
1518275580127944562487837959968890889412630593356163712420686911122757857540454361649542048007899775
2759164821939115860338329017205249086304686224113913003501700391399563256151642374296716944676491698
6404120770343114371899821016867549292885607145600185019401387042453993970125707463223323997090754246
4854553040592300750427564842854122254386932892005811695692122486829549637996441421020174587417144295
5935027242045049817753978520851278172462961835004911834849179309799704524513524008159944391686630410
7896619620552067438572791277155918412966148967087684435831633187427301646529372307657659147726485759
2801771940815716546166336424070845935667989237236193531608737427820834320798572834881411788281121399
7944570382005031877449752876613410872107313379324085752417358477768860908231797351240968656276900779
4939548999075231648335320599407054664921054872864835382175476896278898870367417115034004169091289048
2449611543151080033776289585334318063963238397212469147193211790783620800671415144757183145225713695
4637961664582868310499317081358545993864122849478180421333767878890346199049087228504960759036895328
0693938268288095006769380891692434608223949061775534735849471846992474066740487348616311061928686764
2937865815865454119627722892776626727919453590012826610394762606341333328564376864420179633335868778
3930083087633612361523249883874591756719303992809217494640487631021366634702417277829410135599783150
7884264254655738232385236728406448673637071519075804730939080499531132017413433788761264407051519192
4530633736228579814986488238837414083104908337177914882960088094485801632075798223228213373434857490
0639082703779394962521984053511019684033418069948791076155833012753427440081927413986010803603516509
6459432086719938176834174726832946976473529593986684570819269252064818662695745401368462465808243268
8997377540990734639804879638914280419830272897874099129282505520820289980809605429671183981285740246
5260264404812659455027813634436182482831981229256680868208143522902366336989770147118634863637857608
1130764379000446129432134540566548580286920768820296713952672950169129197416345984539583175945552103
4673289103214649666312875264435058575865236851424627376654705396083383114366729433324670817353429926
8003761908517208204397282612640534287729565079247091234934894222120226046859136652991485973020397544
9821324500926255223891454856208636084015793221174622762182275633722035977640397761987982531131517898
4616259953557085060427865107002041249736653724892577733734505972434167345497757341148445446789190208
2504799221012891116368815685064370264105190717253343591715028957430517631339469541497368702956600961
4713325654771045894406447959595689412559782689119147681840394957406935111406190158233906736648348723
7134149953124726225130648786690417467103810640251509738605671269653353753865366631262565929354752710
6867759992400803429913773851646745720874827166414104941062973740692913621796665709576025282805622038
5447820621806449073355553249031197985717590847524196344788004269377308141973587250545931576313532421
6693327356582682359094759456946258782235883500598406159087014666079399351438253188777211875402563629
9237962361588809924263555137803251843794674013215222793946159324216034299180030769896214206932736866
3756630901486558518137894233674498948599192255485203561487567468022598713752940109852313885454616546
8091547863086350285003246999961756230903087139259662820777214238821674922219066557384554825603496380
6028173454576992568413107925640757140325807354241462379177445723135277959561655771107167664098015278
2444010407768205026658214736393728083343696473681373987415129655184876397496072251522595491069812283
1436007478399928630099774116002279336519230380392997131244223899696893147548971998090644349230019174
5374016334339270987115098491755984222911421618427066179705948824612789697119088672138741539885252704
7709885142125322127173703064959990371192574412789599197786468959713903318499766958592744034358221339
3061472400537712917288328400029584176442226952380850426348288666068020097160584301722730672418221100
1403916644927159711023137314003736040332047451117687155492045667386516785386501675518675567426158383
6970260971462181574460826497049972959470798546717628285880070746445490788940190452084481814354767752
7092022211718281787909188772129792481195332919797813847150659849760599071734136912777631620842475493
7217348998928892049672648706350127226433602527656836323251191855671310317175668323906093346052775549
9421699308839086146405011584596792220476481574245701957961376876740333559721495458557934328870569012
0784823613294034507702542619226543651113675754657126122632831540445359838705375313838388467034167901
1205969038789501943847022861161048596076338805521907158032099598944780229574870035697430283520739769
8391821298892953843674823226335076706738404714555544885136025732598890721702981893923495338316509217
4143274151721053637093836978608202567458645846938168947870568757827503665661947893539886436925256802
4873513552267934123645644201823696227105161475201827503999941805307485905878635538653878828782167356
9976819349499159489450226875152830402215297206349252751297731589199944411905901929821049822077536222
9686177843743110442768644466728601645742541284343255503438759769266325812074437485988153586650812887
1013857800982281628127653585200369560709749527173233441794562022169021980727165105094055146116425624
7436320208700882166709468672827793398762468618230815161436703135142452731359207853783764897513885901
5924780048344618428058571693234768377747410645501653863594842177248429823526419266459296297894879890
5145595886606837824999322077007591989359243136815854143319521365692326328063862112767511039678465434
1699937150173831917782755390502193797311158456621589487422278981111749001789590066298267217144596166
6377567629939771748176503958811644977993628354041515366843850177330193539856184953233420832472494272
6926536968029467452522474149130811407735997210722997150326502450307134161207420912701869818730277684
6545572223922947283306484159473131369340140948559429971332582311510159184544890742008297424800277333
1842181930637798503135531602193728148511818105129078788186867297709446160252781251639608707411231370
2136742809432534344219199513951874359326042623976441385973746552061738594485349128693379842564282350
7657478253787164283837322773923598999065655247915540416060810526038536181503180951744498388818105148
1598982010848729458827513263540962874030811512488263469918193942836095251350026510507100283414124674
6555628392445049333406408990222277724191696582398029103139168420781434694088872042368820099853144649
9319680328526457890852846320498502616867817395140287987682295783732585114550904599544145976994582826
7118723212035655922081618381435815044453844046561977200007598792952801450504891346098931288486619352
1891718206923680222978418571022057891543660070068282599432297471654915691788784700693600949648652514
4732267549155957152601931096654773494993030173948409343398676688270950220702852609023666520788317250
1588620865181860967577285576556866859272145396700787672944546123694604527367345389022216156478230049
2948088231359870932624155894241185595841936543051618210758883923534017659829314574160958265912794079
6371218353066360190682712315861200201343426465425216313728377385015123773516669180649202698093619688
8473870038207335388088736008535410709863216659986462218839855450595649265891507368910517092231324237
3743164312148171607511675677329754624491220872553435279319810410308374530380530615440869523455444667
0433601496190786307192342593436881666668362851005820236421421987572323631311514183252698922147541039
8827980108049759118402576864018733792561552627278417820749357208131124983717138179310875551398990904
5294083967090883748524736132793844768585979827332401962840720265116539530420781781969432603893190303
4784065233353054966954024187149609841342309549227506366943805735434650897315658948741272134598312969
1987252469325982082223279361850358566956297183615009573582266447392960661368155806612511122473213328
6656975293257911108902602427938881396253261535781442760491311299964463411998669259245978025876989737
0257091639812052045438041037329318654758226527637143880564240554696464930261404717276235182884639513
9600762627039512232307393972543663599151390671285157541860582358226955833368303756430551252497969030
8524628513590825881831253179392213971462742923318016312875357898052980746300933109208407927615648782
3169676302565881701057599625297480374107076679422306475362628561348661984357883934128649526855134790
8414297656690108070584320513965807737356644243073213218631727569556300883202799123259632781356098225